timesMapSp =

    1.3307    2.5350    4.1419    5.7230    7.0072


timesMap =

    1.5167    2.9129    4.4976    6.1664    7.9982